   0.0000000000
   0.0000000000
   0.0500000000
   0.1000000000
   0.1500000000
   0.2000000000
   0.2500000000
   0.3000000000
   0.3500000000
   0.4000000000
   0.4012500000
   0.4025000000
   0.4037500000
   0.4050000000
   0.4062500000
   0.4075000000
   0.4087500000
   0.4100000000
   0.4112500000
   0.4125000000
   0.4137500000
   0.4150000000
   0.4162500000
   0.4175000000
   0.4187500000
   0.4200000000
   0.4212500000
   0.4225000000
   0.4237500000
   0.4250000000
   0.4262500000
   0.4275000000
   0.4287500000
   0.4300000000
   0.4312500000
   0.4325000000
   0.4337500000
   0.4350000000
   0.4362500000
   0.4375000000
   0.4387500000
   0.4400000000
   0.4412500000
   0.4425000000
   0.4437500000
   0.4450000000
   0.4462500000
   0.4475000000
   0.4487500000
   0.4500000000
   0.4512500000
   0.4525000000
   0.4537500000
   0.4550000000
   0.4562500000
   0.4575000000
   0.4587500000
   0.4600000000
   0.4612500000
   0.4625000000
   0.4637500000
   0.4650000000
   0.4662500000
   0.4675000000
   0.4687500000
   0.4700000000
   0.4712500000
   0.4725000000
   0.4737500000
   0.4750000000
   0.4762500000
   0.4775000000
   0.4787500000
   0.4800000000
   0.4812500000
   0.4825000000
   0.4837500000
   0.4850000000
   0.4862500000
   0.4875000000
   0.4887500000
   0.4900000000
   0.4912500000
   0.4925000000
   0.4937500000
   0.4950000000
   0.4962500000
   0.4975000000
   0.4987500000
   0.5000000000
   0.5012500000
   0.5025000000
   0.5037500000
   0.5050000000
   0.5062500000
   0.5075000000
   0.5087500000
   0.5100000000
   0.5112500000
   0.5125000000
   0.5137500000
   0.5150000000
   0.5162500000
   0.5175000000
   0.5187500000
   0.5200000000
   0.5212500000
   0.5225000000
   0.5237500000
   0.5250000000
   0.5262500000
   0.5275000000
   0.5287500000
   0.5300000000
   0.5312500000
   0.5325000000
   0.5337500000
   0.5350000000
   0.5362500000
   0.5375000000
   0.5387500000
   0.5400000000
   0.5412500000
   0.5425000000
   0.5437500000
   0.5450000000
   0.5462500000
   0.5475000000
   0.5487500000
   0.5500000000
   0.5512500000
   0.5525000000
   0.5537500000
   0.5550000000
   0.5562500000
   0.5575000000
   0.5587500000
   0.5600000000
   0.5612500000
   0.5625000000
   0.5637500000
   0.5650000000
   0.5662500000
   0.5675000000
   0.5687500000
   0.5700000000
   0.5712500000
   0.5725000000
   0.5737500000
   0.5750000000
   0.5762500000
   0.5775000000
   0.5787500000
   0.5800000000
   0.5812500000
   0.5825000000
   0.5837500000
   0.5850000000
   0.5862500000
   0.5875000000
   0.5887500000
   0.5900000000
   0.5912500000
   0.5925000000
   0.5937500000
   0.5950000000
   0.5962500000
   0.5975000000
   0.5987500000
   0.6000000000
   0.6500000000
   0.7000000000
   0.7500000000
   0.8000000000
   0.8500000000
   0.9000000000
   0.9500000000
   1.0000000000
   0.0000000000
   0.0000000000
   0.0500000000
   0.1000000000
   0.1500000000
   0.2000000000
   0.2500000000
   0.3000000000
   0.3500000000
   0.4000000000
   0.4012500000
   0.4025000000
   0.4037500000
   0.4050000000
   0.4062500000
   0.4075000000
   0.4087500000
   0.4100000000
   0.4112500000
   0.4125000000
   0.4137500000
   0.4150000000
   0.4162500000
   0.4175000000
   0.4187500000
   0.4200000000
   0.4212500000
   0.4225000000
   0.4237500000
   0.4250000000
   0.4262500000
   0.4275000000
   0.4287500000
   0.4300000000
   0.4312500000
   0.4325000000
   0.4337500000
   0.4350000000
   0.4362500000
   0.4375000000
   0.4387500000
   0.4400000000
   0.4412500000
   0.4425000000
   0.4437500000
   0.4450000000
   0.4462500000
   0.4475000000
   0.4487500000
   0.4500000000
   0.4512500000
   0.4525000000
   0.4537500000
   0.4550000000
   0.4562500000
   0.4575000000
   0.4587500000
   0.4600000000
   0.4612500000
   0.4625000000
   0.4637500000
   0.4650000000
   0.4662500000
   0.4675000000
   0.4687500000
   0.4700000000
   0.4712500000
   0.4725000000
   0.4737500000
   0.4750000000
   0.4762500000
   0.4775000000
   0.4787500000
   0.4800000000
   0.4812500000
   0.4825000000
   0.4837500000
   0.4850000000
   0.4862500000
   0.4875000000
   0.4887500000
   0.4900000000
   0.4912500000
   0.4925000000
   0.4937500000
   0.4950000000
   0.4962500000
   0.4975000000
   0.4987500000
   0.5000000000
   0.5012500000
   0.5025000000
   0.5037500000
   0.5050000000
   0.5062500000
   0.5075000000
   0.5087500000
   0.5100000000
   0.5112500000
   0.5125000000
   0.5137500000
   0.5150000000
   0.5162500000
   0.5175000000
   0.5187500000
   0.5200000000
   0.5212500000
   0.5225000000
   0.5237500000
   0.5250000000
   0.5262500000
   0.5275000000
   0.5287500000
   0.5300000000
   0.5312500000
   0.5325000000
   0.5337500000
   0.5350000000
   0.5362500000
   0.5375000000
   0.5387500000
   0.5400000000
   0.5412500000
   0.5425000000
   0.5437500000
   0.5450000000
   0.5462500000
   0.5475000000
   0.5487500000
   0.5500000000
   0.5512500000
   0.5525000000
   0.5537500000
   0.5550000000
   0.5562500000
   0.5575000000
   0.5587500000
   0.5600000000
   0.5612500000
   0.5625000000
   0.5637500000
   0.5650000000
   0.5662500000
   0.5675000000
   0.5687500000
   0.5700000000
   0.5712500000
   0.5725000000
   0.5737500000
   0.5750000000
   0.5762500000
   0.5775000000
   0.5787500000
   0.5800000000
   0.5812500000
   0.5825000000
   0.5837500000
   0.5850000000
   0.5862500000
   0.5875000000
   0.5887500000
   0.5900000000
   0.5912500000
   0.5925000000
   0.5937500000
   0.5950000000
   0.5962500000
   0.5975000000
   0.5987500000
   0.6000000000
   0.6500000000
   0.7000000000
   0.7500000000
   0.8000000000
   0.8500000000
   0.9000000000
   0.9500000000
   1.0000000000
   0.0000000000
   0.0000000000
   0.0012500000
   0.0025000000
   0.0037500000
   0.0050000000
   0.0062500000
   0.0075000000
   0.0087500000
   0.0100000000
   0.0112500000
   0.0125000000
   0.0137500000
   0.0150000000
   0.0162500000
   0.0175000000
   0.0187500000
   0.0200000000
   0.0212500000
   0.0225000000
   0.0237500000
   0.0250000000
   0.0262500000
   0.0275000000
   0.0287500000
   0.0300000000
   0.0312500000
   0.0325000000
   0.0337500000
   0.0350000000
   0.0362500000
   0.0375000000
   0.0387500000
   0.0400000000
   0.0412500000
   0.0425000000
   0.0437500000
   0.0450000000
   0.0462500000
   0.0475000000
   0.0487500000
   0.0500000000
   0.0512500000
   0.0525000000
   0.0537500000
   0.0550000000
   0.0562500000
   0.0575000000
   0.0587500000
   0.0600000000
   0.0612500000
   0.0625000000
   0.0637500000
   0.0650000000
   0.0662500000
   0.0675000000
   0.0687500000
   0.0700000000
   0.0712500000
   0.0725000000
   0.0737500000
   0.0750000000
   0.0762500000
   0.0775000000
   0.0787500000
   0.0800000000
   0.0812500000
   0.0825000000
   0.0837500000
   0.0850000000
   0.0862500000
   0.0875000000
   0.0887500000
   0.0900000000
   0.0912500000
   0.0925000000
   0.0937500000
   0.0950000000
   0.0962500000
   0.0975000000
   0.0987500000
   0.1000000000
   0.1012500000
   0.1025000000
   0.1037500000
   0.1050000000
   0.1062500000
   0.1075000000
   0.1087500000
   0.1100000000
   0.1112500000
   0.1125000000
   0.1137500000
   0.1150000000
   0.1162500000
   0.1175000000
   0.1187500000
   0.1200000000
   0.1212500000
   0.1225000000
   0.1237500000
   0.1250000000
   0.1262500000
   0.1275000000
   0.1287500000
   0.1300000000
   0.1312500000
   0.1325000000
   0.1337500000
   0.1350000000
   0.1362500000
   0.1375000000
   0.1387500000
   0.1400000000
   0.1412500000
   0.1425000000
   0.1437500000
   0.1450000000
   0.1462500000
   0.1475000000
   0.1487500000
   0.1500000000
   0.1512500000
   0.1525000000
   0.1537500000
   0.1550000000
   0.1562500000
   0.1575000000
   0.1587500000
   0.1600000000
   0.1612500000
   0.1625000000
   0.1637500000
   0.1650000000
   0.1662500000
   0.1675000000
   0.1687500000
   0.1700000000
   0.1712500000
   0.1725000000
   0.1737500000
   0.1750000000
   0.1762500000
   0.1775000000
   0.1787500000
   0.1800000000
   0.1812500000
   0.1825000000
   0.1837500000
   0.1850000000
   0.1862500000
   0.1875000000
   0.1887500000
   0.1900000000
   0.1912500000
   0.1925000000
   0.1937500000
   0.1950000000
   0.1962500000
   0.1975000000
   0.1987500000
   0.2000000000
   0.2500000000
   0.3000000000
   0.3500000000
   0.4000000000
   0.4500000000
   0.5000000000
   0.5500000000
   0.6000000000
   0.6500000000
   0.7000000000
   0.7500000000
   0.8000000000
   0.8500000000
   0.9000000000
   0.9500000000
   1.0000000000
